000000000000000
000000000000000111
0000000000000012231
0000000000111112341111
0000000111668523544114111
0000001188668523554444444411
00000188666685554445548884441
00018666666688555544666888441
0018666766666688888666668844
001866764166666666668146688441
018667641166666686666114668441
0186676411466668866641116684441
0186766411166666866611116668441
1866766711116668866111146668441
1866766671111666861111176668441
1866766667711168811117786668441
1861666666677786677776686668441
1861466666666681866666686168441
1861166666666611166666686116441
1861166616666611166666686114441
1861146616661677761466684117441
186711641666146886116668114841
016611611164118864114668117441
018611111161114861111484113441
018671111111111811171181148441
00186117111171111176111117441
00186713711767111166711148441
0001866661166811176687147441
000018666776667146686677441
00000111666668877668884411
000000001118888888441111
00000000000111111111
00000000000000000000